2 0.060000
3 0.061300
4 0.062700
5 0.064100
6 0.065600
7 0.067000
8 0.068500
9 0.070100
10 0.071600
11 0.073200
12 0.074900
13 0.076600
14 0.078300
15 0.080000
16 0.081800
17 0.083600
18 0.085500
19 0.087400
20 0.089400
21 0.091400
22 0.093400
23 0.095500
24 0.097700
25 0.099900
26 0.102100
27 0.104400
28 0.106700
29 0.109100
30 0.111600
31 0.114100
32 0.116600
33 0.119200
34 0.121900
35 0.124600
36 0.127400
37 0.130300
38 0.133200
39 0.136200
40 0.139200
41 0.142400
42 0.145500
43 0.148800
44 0.152100
45 0.155500
46 0.159000
47 0.162600
48 0.166200
49 0.170000
50 0.173800
51 0.177700
52 0.181600
53 0.185700
54 0.189900
55 0.194100
56 0.198500
57 0.202900
58 0.207500
59 0.212100
60 0.216900
61 0.221700
62 0.226700
63 0.231800
64 0.236900
65 0.247700
66 0.253200
67 0.258900
68 0.264700
69 0.270600
70 0.276700
71 0.282900
72 0.289200
73 0.295700
74 0.302300
75 0.309100
76 0.316000
77 0.323100
78 0.330300
79 0.337700
80 0.345300
81 0.353000
82 0.360900
83 0.369000
84 0.377300
85 0.385700
86 0.394400
87 0.403200
88 0.412300
89 0.421500
90 0.430900
91 0.440600
92 0.450500
93 0.460500
94 0.470900
95 0.481400
96 0.492200
97 0.503200
98 0.514500
99 0.526000
100 0.537800
101 0.549800
102 0.562200
103 0.574700
104 0.587600
105 0.600800
106 0.614200
107 0.628000
108 0.642100
109 0.656500
110 0.671200
111 0.686200
112 0.701600
113 0.717300
114 0.733300
115 0.749800
116 0.766600
117 0.783700
118 0.801300
119 0.819200
120 0.837600
121 0.856400
122 0.875500
123 0.895100
124 0.915200
125 0.935700
126 0.956700
127 0.978100
128 1.000000
